Launching parallel algorithm...
PROCESS:0 DMIN:2402.274131
PROCESS:4 DMIN:1.732051
PROCESS:6 DMIN:1.732051
PROCESS:5 DMIN:2.236068
